# N Ca C O GCa Cb KNz KCd DOd RNh NNd RNe SOg HNe YCz FCz LCd CSg 
0.10 -0.34 0.31 0.25 -0.60 0.00 0.07 -0.18 0.22 0.04 0.47 0.03 0.15 -0.48 0.45 0.26 -0.07 0.47 
-0.34 0.04 -0.31 0.03 -0.60 -0.52 -0.19 0.20 0.51 0.33 -0.33 -0.24 0.07 0.19 -1.38 -0.34 -0.27 -0.97 
0.31 -0.31 -0.16 -0.39 0.68 0.07 0.19 0.30 -0.48 -0.38 -0.28 0.08 -0.22 -0.28 0.39 -0.29 0.02 -0.64 
0.25 0.03 -0.39 0.45 0.29 0.36 -0.13 -0.10 -0.09 -0.17 0.11 -0.30 -0.32 0.23 0.13 -0.01 0.00 1.66 
-0.60 -0.60 0.68 0.29 -0.13 0.01 -0.39 0.84 0.45 0.42 -0.09 -0.27 0.29 0.53 -1.42 -0.37 -1.19 -2.88 
0.00 -0.52 0.07 0.36 0.01 -0.29 0.17 1.08 0.10 -0.19 -0.07 0.12 -0.26 -0.14 -0.16 -0.24 -0.16 -0.72 
0.07 -0.19 0.19 -0.13 -0.39 0.17 -0.91 1.23 -0.43 0.52 -0.23 0.72 0.66 0.56 -0.49 -0.05 -0.12 -0.13 
-0.18 0.20 0.30 -0.10 0.84 1.08 1.23 1.05 -0.23 -0.43 -0.55 0.46 -0.48 -0.57 -0.57 -0.35 -0.93 2.73 
0.22 0.51 -0.48 -0.09 0.45 0.10 -0.43 -0.23 -0.02 -0.05 -0.03 -0.30 0.01 -0.06 0.23 -0.09 -0.06 -0.24 
0.04 0.33 -0.38 -0.17 0.42 -0.19 0.52 -0.43 -0.05 -0.01 -0.30 0.23 0.13 0.48 -0.07 -0.06 0.15 -0.07 
0.47 -0.33 -0.28 0.11 -0.09 -0.07 -0.23 -0.55 -0.03 -0.30 -0.05 0.16 -0.09 0.24 -0.21 -0.03 0.41 -0.04 
0.03 -0.24 0.08 -0.30 -0.27 0.12 0.72 0.46 -0.30 0.23 0.16 -0.60 -0.53 -0.36 -0.17 -0.01 -0.48 1.10 
0.15 0.07 -0.22 -0.32 0.29 -0.26 0.66 -0.48 0.01 0.13 -0.09 -0.53 0.29 -0.28 -0.11 -0.10 0.01 -0.49 
-0.48 0.19 -0.28 0.23 0.53 -0.14 0.56 -0.57 -0.06 0.48 0.24 -0.36 -0.28 0.25 -0.15 -0.24 -0.16 1.98 
0.45 -1.38 0.39 0.13 -1.42 -0.16 -0.49 -0.57 0.23 -0.07 -0.21 -0.17 -0.11 -0.15 -0.49 -0.15 -0.19 0.52 
0.26 -0.34 -0.29 -0.01 -0.37 -0.24 -0.05 -0.35 -0.09 -0.06 -0.03 -0.01 -0.10 -0.24 -0.15 -0.21 -0.28 -0.55 
-0.07 -0.27 0.02 0.00 -1.19 -0.16 -0.12 -0.93 -0.06 0.15 0.41 -0.48 0.01 -0.16 -0.19 -0.28 -0.65 1.17 
0.47 -0.97 -0.64 1.66 -2.88 -0.72 -0.13 2.73 -0.24 -0.07 -0.04 1.10 -0.49 1.98 0.52 -0.55 1.17 10.00 
