  ALA  ARG  ASN  ASP  CYS  GLN  GLU  GLY  HIS  ILE  LEU  LYS  MET  PHE  PRO  SER  THR  TRP  TYR  VAL  NH  OC  
ALA  -0.58  -0.40  0.02  0.85  0.54  0.04  -0.05  1.56  0.41  -0.24  0.12  0.94  -0.07  -0.15  1.75  0.16  -0.36  0.56  0.42  -0.17  -0.25  0.09  
ARG  -0.40  0.72  0.37  -0.56  0.09  0.48  -0.64  -0.31  1.42  0.16  0.38  1.50  -0.42  1.11  0.70  0.43  0.36  -1.14  -0.20  -0.97  -0.07  -0.19  
ASN  0.02  0.37  1.42  -0.06  1.13  0.20  -0.43  -0.04  0.81  0.47  0.38  -0.29  2.71  -0.64  -0.18  0.33  0.04  0.25  0.24  0.84  -0.20  0.24  
ASP  0.85  -0.56  -0.06  0.22  -0.25  -0.14  -0.18  -0.09  -0.50  0.23  0.81  -0.24  0.20  -1.10  1.26  -0.27  -0.21  0.57  -0.42  -0.67  0.39  0.30  
CYS  0.54  0.09  1.13  -0.25  1.10  -0.66  0.59  -0.13  6.43  0.12  0.86  0.33  0.55  -0.20  1.54  0.84  1.76  2.67  1.37  0.96  -1.20  -0.21  
GLN  0.04  0.48  0.20  -0.14  -0.66  1.00  0.09  -0.11  0.85  0.42  -0.17  0.21  0.34  0.05  0.73  -0.45  0.27  -0.47  0.60  0.08  0.00  0.00  
GLU  -0.05  -0.64  -0.43  -0.18  0.59  0.09  0.41  0.22  -0.12  1.18  0.33  -1.10  -0.26  0.65  1.02  -0.04  -0.51  0.85  0.45  1.43  0.37  -0.03  
GLY  1.56  -0.31  -0.04  -0.09  -0.13  -0.11  0.22  -0.17  0.51  0.28  0.96  0.71  -0.74  0.45  0.06  0.53  0.42  -0.15  -0.32  0.67  -0.39  0.15  
HIS  0.41  1.42  0.81  -0.50  6.43  0.85  -0.12  0.51  -0.19  -0.75  -1.22  0.78  4.03  0.98  0.07  0.39  1.14  1.54  -0.06  -0.51  0.00  0.24  
ILE  -0.24  0.16  0.47  0.23  0.12  0.42  1.18  0.28  -0.75  -1.08  -1.28  0.26  -1.22  -0.78  1.53  0.82  0.54  0.30  -0.96  1.55  0.25  -0.56  
LEU  0.12  0.38  0.38  0.81  0.86  -0.17  0.33  0.96  -1.22  -1.28  0.26  0.62  -0.12  0.37  -0.91  0.25  0.00  -0.01  0.08  -0.54  0.10  0.15  
LYS  0.94  1.50  -0.29  -0.24  0.33  0.21  -1.10  0.71  0.78  0.26  0.62  1.74  0.78  0.22  -0.40  0.00  -0.13  -0.15  0.41  0.93  0.19  0.11  
MET  -0.07  -0.42  2.71  0.20  0.55  0.34  -0.26  -0.74  4.03  -1.22  -0.12  0.78  10.00  0.74  0.81  0.12  0.00  0.30  1.16  6.00  0.05  0.43  
PHE  -0.15  1.11  -0.64  -1.10  -0.20  0.05  0.65  0.45  0.98  -0.78  0.37  0.22  0.74  1.23  0.83  -0.13  0.35  -0.17  -0.66  -0.57  -0.38  -0.18  
PRO  1.75  0.70  -0.18  1.26  1.54  0.73  1.02  0.06  0.07  1.53  -0.91  -0.40  0.81  0.83  -0.56  -0.31  0.06  1.90  -0.18  0.52  -0.20  0.74  
SER  0.16  0.43  0.33  -0.27  0.84  -0.45  -0.04  0.53  0.39  0.82  0.25  0.00  0.12  -0.13  -0.31  -0.76  -0.46  -0.62  0.02  0.37  -0.09  0.23  
THR  -0.36  0.36  0.04  -0.21  1.76  0.27  -0.51  0.42  1.14  0.54  0.00  -0.13  0.00  0.35  0.06  -0.46  0.01  -0.71  -0.38  -0.26  -0.36  0.28  
TRP  0.56  -1.14  0.25  0.57  2.67  -0.47  0.85  -0.15  1.54  0.30  -0.01  -0.15  0.30  -0.17  1.90  -0.62  -0.71  -1.69  -0.59  0.16  0.14  -0.29  
TYR  0.42  -0.20  0.24  -0.42  1.37  0.60  0.45  -0.32  -0.06  -0.96  0.08  0.41  1.16  -0.66  -0.18  0.02  -0.38  -0.59  2.07  -0.41  -0.31  -0.08  
VAL  -0.17  -0.97  0.84  -0.67  0.96  0.08  1.43  0.67  -0.51  1.55  -0.54  0.93  6.00  -0.57  0.52  0.37  -0.26  0.16  -0.41  1.30  -0.04  0.45  
NH  -0.25  -0.07  -0.20  0.39  -1.20  0.00  0.37  -0.39  0.00  0.25  0.10  0.19  0.05  -0.38  -0.20  -0.09  -0.36  0.14  -0.31  -0.04  -0.18  0.09  
OC  0.09  -0.19  0.24  0.30  -0.21  0.00  -0.03  0.15  0.24  -0.56  0.15  0.11  0.43  -0.18  0.74  0.23  0.28  -0.29  -0.08  0.45  0.09  -0.24