  ALA  ARG  ASN  ASP  CYS  GLN  GLU  GLY  HIS  ILE  LEU  LYS  MET  PHE  PRO  SER  THR  TRP  TYR  VAL  NH  OC  
ALA  -0.59  0.76  -0.02  -0.76  -0.53  -0.71  0.95  -0.64  -0.62  -0.90  -0.20  1.34  -0.75  -1.35  -0.54  0.02  -0.06  -1.42  -0.88  -1.61  0.09  0.27  
ARG  0.76  0.07  0.26  -1.59  -0.35  0.21  -2.01  0.07  0.17  1.03  -0.60  1.40  -0.52  -1.01  -1.19  0.37  -0.48  -2.47  -0.96  -0.41  1.37  -1.33  
ASN  -0.02  0.26  -0.34  -1.24  -0.37  -0.25  -0.83  0.24  -0.45  -0.48  0.02  -0.61  -0.58  0.93  0.27  -0.32  -0.58  -1.27  -1.60  0.26  0.19  -0.42  
ASP  -0.76  -1.59  -1.24  0.96  -0.47  -0.43  0.18  0.12  -0.91  1.44  0.39  -2.15  -0.85  0.71  -0.07  -1.16  -0.70  -1.10  -0.37  -1.12  -0.15  0.38  
CYS  -0.53  -0.35  -0.37  -0.47  10.00  1.55  1.38  0.28  -2.26  -0.20  -0.27  -1.03  -0.36  -0.35  1.81  0.18  3.04  3.27  1.14  -0.51  -0.63  1.40  
GLN  -0.71  0.21  -0.25  -0.43  1.55  0.04  0.08  -0.65  -0.15  -1.61  -0.21  -0.64  -1.02  0.67  -0.30  -0.47  -0.41  -1.54  -1.11  -0.78  0.51  -0.44  
GLU  0.95  -2.01  -0.83  0.18  1.38  0.08  1.69  -0.62  -0.90  -0.29  0.46  -1.69  -1.65  -0.95  -0.56  -0.93  -0.10  -1.09  -0.75  -0.42  0.07  -0.04  
GLY  -0.64  0.07  0.24  0.12  0.28  -0.65  -0.62  -0.19  -1.26  -0.19  -0.59  -0.25  -0.69  0.75  0.75  0.40  0.13  -0.35  -0.70  -1.44  -0.76  0.60  
HIS  -0.62  0.17  -0.45  -0.91  -2.26  -0.15  -0.90  -1.26  2.41  -1.84  -1.85  -0.08  -1.77  -2.61  -0.62  -0.33  -1.56  0.38  -1.77  -0.39  -0.01  -0.05  
ILE  -0.90  1.03  -0.48  1.44  -0.20  -1.61  -0.29  -0.19  -1.84  -0.93  -1.54  -0.21  -0.89  -2.24  0.43  -0.64  -0.50  -2.84  -1.19  -0.85  1.36  -0.81  
LEU  -0.20  -0.60  0.02  0.39  -0.27  -0.21  0.46  -0.59  -1.85  -1.54  -1.92  -1.20  -1.60  -1.92  -1.33  -0.60  -0.68  -0.78  -1.33  -1.52  0.16  -0.67  
LYS  1.34  1.40  -0.61  -2.15  -1.03  -0.64  -1.69  -0.25  -0.08  -0.21  -1.20  0.40  -0.06  -0.34  -0.12  -0.67  0.61  -1.67  -1.22  -0.91  0.86  -0.71  
MET  -0.75  -0.52  -0.58  -0.85  -0.36  -1.02  -1.65  -0.69  -1.77  -0.89  -1.60  -0.06  10.00  -2.98  -2.10  -1.30  -0.38  -0.04  -2.35  -2.25  0.68  -0.68  
PHE  -1.35  -1.01  0.93  0.71  -0.35  0.67  -0.95  0.75  -2.61  -2.24  -1.92  -0.34  -2.98  -2.24  -1.70  0.57  -1.50  0.36  -1.66  0.16  0.03  -0.21  
PRO  -0.54  -1.19  0.27  -0.07  1.81  -0.30  -0.56  0.75  -0.62  0.43  -1.33  -0.12  -2.10  -1.70  -2.64  -0.95  -0.16  -1.63  -1.40  -1.23  0.54  -0.15  
SER  0.02  0.37  -0.32  -1.16  0.18  -0.47  -0.93  0.40  -0.33  -0.64  -0.60  -0.67  -1.30  0.57  -0.95  0.27  -0.23  -0.89  -0.88  0.42  0.02  -0.21  
THR  -0.06  -0.48  -0.58  -0.70  3.04  -0.41  -0.10  0.13  -1.56  -0.50  -0.68  0.61  -0.38  -1.50  -0.16  -0.23  0.60  0.38  -0.14  -0.04  0.07  -0.03  
TRP  -1.42  -2.47  -1.27  -1.10  3.27  -1.54  -1.09  -0.35  0.38  -2.84  -0.78  -1.67  -0.04  0.36  -1.63  -0.89  0.38  1.40  -2.23  0.32  -0.44  -0.46  
TYR  -0.88  -0.96  -1.60  -0.37  1.14  -1.11  -0.75  -0.70  -1.77  -1.19  -1.33  -1.22  -2.35  -1.66  -1.40  -0.88  -0.14  -2.23  -1.63  -0.63  0.29  -0.20  
VAL  -1.61  -0.41  0.26  -1.12  -0.51  -0.78  -0.42  -1.44  -0.39  -0.85  -1.52  -0.91  -2.25  0.16  -1.23  0.42  -0.04  0.32  -0.63  -1.45  0.31  -0.33  
NH  0.09  1.37  0.19  -0.15  -0.63  0.51  0.07  -0.76  -0.01  1.36  0.16  0.86  0.68  0.03  0.54  0.02  0.07  -0.44  0.29  0.31  0.63  -0.02  
OC  0.27  -1.33  -0.42  0.38  1.40  -0.44  -0.04  0.60  -0.05  -0.81  -0.67  -0.71  -0.68  -0.21  -0.15  -0.21  -0.03  -0.46  -0.20  -0.33  -0.02  -0.09