# N Ca C O GCa Cb KNz KCd DOd RNh NNd RNe SOg HNe YCz FCz LCd CSg
0.29 -0.17 0.32 0.28 -0.23 -0.08 0.24 0.50 0.41 -0.85 0.85 0.60 0.13 0.73 1.46 -0.15 0.41 -2.72
-0.17 0.03 -0.97 -0.23 -1.46 -0.53 -0.32 -0.79 0.46 1.52 -0.58 0.56 0.35 -0.63 -2.06 -0.85 -1.10 1.06
0.32 -0.97 -0.64 -0.28 -0.29 0.30 0.04 -0.25 -0.87 -1.17 -0.80 0.30 -0.49 -0.42 0.53 0.26 -0.25 -3.73
0.28 -0.23 -0.28 0.87 0.50 0.40 0.38 1.29 -0.10 -0.20 -0.05 -1.54 -0.81 0.27 -0.32 -0.24 0.43 0.45
-0.23 -1.46 -0.29 0.50 -2.41 -0.28 -0.19 -0.71 0.82 1.10 0.06 1.15 2.35 -0.97 -1.63 -0.98 -1.99 -0.34
-0.08 -0.53 0.30 0.40 -0.28 -0.93 0.32 1.16 0.46 -0.65 -0.12 0.10 0.19 0.03 -0.67 -0.10 -0.32 0.75
0.24 -0.32 0.04 0.38 -0.19 0.32 -1.33 1.88 -0.66 -0.27 0.05 1.84 0.99 0.82 -1.30 -0.22 -0.88 1.37
0.50 -0.79 -0.25 1.29 -0.71 1.16 1.88 -1.81 -0.97 -0.42 -1.00 1.66 -1.20 -0.49 1.32 -0.46 1.50 -2.08
0.41 0.46 -0.87 -0.10 0.82 0.46 -0.66 -0.97 -0.17 -0.08 -0.38 -0.27 -0.06 -0.46 0.22 0.12 -0.03 -1.41
-0.85 1.52 -1.17 -0.20 1.10 -0.65 -0.27 -0.42 -0.08 0.43 -0.20 -0.05 -0.43 0.37 -0.45 0.12 -0.05 0.30
0.85 -0.58 -0.80 -0.05 0.06 -0.12 0.05 -1.00 -0.38 -0.20 0.05 0.77 -0.20 -0.28 -0.65 -0.02 0.55 0.55
0.60 0.56 0.30 -1.54 1.15 0.10 1.84 1.66 -0.27 -0.05 0.77 -0.82 1.58 0.06 0.35 -1.06 0.87 0.37
0.13 0.35 -0.49 -0.81 2.35 0.19 0.99 -1.20 -0.06 -0.43 -0.20 1.58 0.16 -0.48 0.12 -0.52 -0.07 -0.17
0.73 -0.63 -0.42 0.27 -0.97 0.03 0.82 -0.49 -0.46 0.37 -0.28 0.06 -0.48 1.18 -0.33 -0.48 -0.57 -1.62
1.46 -2.06 0.53 -0.32 -1.63 -0.67 -1.30 1.32 0.22 -0.45 -0.65 0.35 0.12 -0.33 -1.26 -0.02 -0.43 2.69
-0.15 -0.85 0.26 -0.24 -0.98 -0.10 -0.22 -0.46 0.12 0.12 -0.02 -1.06 -0.52 -0.48 -0.02 -0.38 -0.50 0.17
0.41 -1.10 -0.25 0.43 -1.99 -0.32 -0.88 1.50 -0.03 -0.05 0.55 0.87 -0.07 -0.57 -0.43 -0.50 -1.08 1.95
-2.72 1.06 -3.73 0.45 -0.34 0.75 1.37 -2.08 -1.41 0.30 0.55 0.37 -0.17 -1.62 2.69 0.17 1.95 10.00
